ID_DE_PARA_COBERTURA	COD_COB_SEGURADORA	COD_COB_MAPA	FEC_INICIO_VIGENCIA	FEC_FIM_VIGENCIA	COD_CLASSIF_PRODUTO	COD_CIA
793	339	66	01/05/2016		21	52
794	339	67	01/05/2016		21	52
795	339	69	01/05/2016		21	52
796	339	64	01/05/2016		21	52
797	339	63	01/05/2016		21	52
798	339	72	01/05/2016		21	52
799	339	70	01/05/2016		21	52
800	339	71	01/05/2016		21	52
801	339	65	01/05/2016		21	52
802	835	66	01/05/2016		21	52
803	835	65	01/05/2016		21	52
804	835	64	01/05/2016		21	52
805	835	69	01/05/2016		21	52
806	835	63	01/05/2016		21	52
807	835	72	01/05/2016		21	52
808	835	70	01/05/2016		21	52
809	835	71	01/05/2016		21	52
810	835	76	01/05/2016		21	52
